%YAML:1.0
---
camera_matrix: !!opencv-matrix
   rows: 3
   cols: 3
   dt: d
   data: [ 4.3082644612358172e+02, 0., 3.3832326411823385e+02, 0.,
       4.3024209994647055e+02, 2.4318848934719978e+02, 0., 0., 1. ]
dist_coeff: !!opencv-matrix
   rows: 1
   cols: 5
   dt: d
   data: [ -3.6217436889595354e-02, 1.5899732849537279e-01,
       3.0072279979925863e-04, -5.8305137815236789e-03,
       -1.8608521735713465e-01 ]
